[EditorUI]
DrawCollisionShapes = 1
ShowAxis = 1
ShowGrid = 1

[Window]
Height = 1057.000000
Maximized = 1
Position X = 0.000000
Position Y = 23.000000
Width = 1920.000000

