[EditorUI]
DrawCollisionShapes = 1
ShowAxis = 1
ShowGrid = 1

[Window]
Height = 841.000000
Maximized = 0
Position X = 190.000000
Position Y = 83.000000
Width = 1681.000000

